100 100 26
1000 2000 182
2000 1000 182
150 150 16
86 40 116
40 86 116
10000 5000 262
5000 10000 262
123345 365475 443
365475 123345 443
1234 4389 238
4389 1234 238
7845 112 262
112 7845 262
8000 8000 115
80000 80000 33
38305 23900 324
23900 38305 324
9134 9002 185
9002 9134 185
567 484 142
484 567 142
103432 234905 443
234905 103432 443
7474 8282 252
8282 7474 252
19 20 21
20 19 21
7655 8900 252
8900 7655 252
450 1345 182
1345 450 182
4983 1098 238
1098 4983 238
9999 10001 180
10001 9999 180
89 91 93
91 89 93
999998 999999 259
999999 999998 259
999 1001 143
1001 999 143
10000 1 262
1 10000 262
7890 1453 262
1453 7890 262
49999 55000 340
55000 49999 340
7382 10000 260
10000 7382 260
250000 250500 332
250500 250000 332
4850 2943 238
2943 4850 238
2769 2305 209
2305 2769 209
2700 2701 116
2701 2700 116
999999 999999 259
8888 8888 35
7777 7777 84
222 222 71
99 101 26
101 99 26
99 100 26
100 99 26
1 200 125
200 1 125
5555 5556 130
5556 5555 130
12304 34250 311
34250 12304 311
1057 1257 182
1257 1057 182
38238 29832 324
29832 38238 324
57204 58204 273
58204 57204 273
1000 2000 182
2000 1000 182
2000 3000 217
3000 2000 217
3000 4000 238
4000 3000 238
4000 5000 215
5000 4000 215
5000 6000 236
6000 5000 236
10000 20000 279
20000 10000 279
20000 30000 308
30000 20000 308
30001 40000 324
40000 30001 324
40001 50000 314
50000 40001 314
50001 60000 340
60000 50001 340
999999 999000 396
999000 999999 396
999000 998000 396
998000 999000 396
998000 997000 440
997000 998000 440
997000 996000 365
996000 999700 440
111111 111000 261
111000 111111 261
222222 222000 262
222000 222222 262
333333 333000 291
333000 333333 291
444444 444000 281
444000 444444 281
555555 555000 390
555000 555555 390
666666 666000 323
666000 666666 323
777777 777000 393
777000 777777 393
1 1 1
2 2 2
3 3 8
4 4 3
5 5 6
6 6 9
7 7 17
8 8 4
9 9 20
10 10 7
1001 1001 143
1002 1002 112
1003 1003 42
1004 1004 68
1005 1005 68
10001 10001 180
10002 10002 66
10003 10003 66
10004 10004 30
10005 10005 30
100001 100001 90
100002 100002 54
100003 100003 54
100004 100004 54
